set term wxt
set xrange[100:500]
set yrange[10:50]
set zrange[10000:60000]
set xlabel "cкорость"
set ylabel "Расход топлива"
set zlabel "Цена" 
set title "Фронт Парето"
$cars << EOD
139 21 17541 
411 31 46740 
114 42 36149 
155 50 18312 
308 49 39381 
241 25 48193 
372 21 23820 
136 39 19771 
492 21 16954 
111 45 11714 
409 50 32351 
333 20 33588 
234 32 39338 
474 13 39876 
301 40 20166 
344 36 23281 
249 24 12250 
199 22 30062 
249 27 22255 
279 43 25964 
304 38 20464 
385 21 34055 
238 43 12877 
443 48 33146 
314 39 47453 
358 28 37704 
126 41 41477 
210 28 32630 
140 13 16103 
362 38 46366 
116 20 49360 
249 20 30813 
355 42 43000 
318 33 49271 
201 26 28395 
143 27 19744 
164 16 34139 
499 12 18189 
318 43 46640 
138 22 26721 
345 16 27444 
122 44 10382 
298 19 11331 
119 39 19630 
173 37 25780 
347 15 10874 
212 26 17677 
150 46 33376 
158 31 45835 
188 38 18596 
459 43 20484 
425 14 13874 
235 17 20940 
122 27 43901 
115 33 24814 
280 15 11863 
399 29 45328 
315 41 27253 
247 13 49689 
245 18 45398 
387 15 13797 
469 36 33930 
303 11 23630 
243 40 15480 
129 42 18476 
426 14 13026 
197 22 26919 
173 38 46692 
392 43 32097 
405 18 12330 
311 36 46166 
288 48 32624 
202 16 17451 
278 37 30934 
344 21 12767 
445 19 14881 
447 21 44059 
285 20 21900 
208 28 42802 
173 43 38475 
399 25 49969 
213 44 12616 
390 50 37946 
424 45 44021 
485 22 38710 
346 47 15619 
146 23 37578 
282 11 37990 
470 15 12934 
450 27 40917 
468 40 39638 
418 15 47122 
110 40 47950 
464 16 47623 
352 11 15899 
214 37 11450 
253 39 22348 
414 48 28962 
218 17 26723 
428 22 37007 
EOD
$best_cars << EOD
499 12 18189 
470 15 12934 
426 14 13026 
425 14 13874 
492 21 16954 
445 19 14881 
405 18 12330 
387 15 13797 
347 15 10874 
352 11 15899 
EOD
set multiplot
splot $cars with points
replot$best_cars with lines
unset multiplot 
pause -1
